<!doctype HTML>
<meta charset = 'utf-8'>
<html>
  <head>
    
    <script src='https://rawgithub.com/Polychart/polychart2/develop/polychart2.standalone.js' type='text/javascript'></script>
    
    <style>
    .rChart {
      display: block;
      margin-left: auto; 
      margin-right: auto;
      width: 1000px;
      height: 600px;
    }  
    </style>
    
  </head>
  <body>
    <div id='chart201844e1496a' class='rChart polycharts'></div>  
    
    <script type='text/javascript'>
    var chartParams = {
 "dom": "chart201844e1496a",
"width":   1000,
"height":    600,
"layers": [
 {
 "x": "Variable1",
"y": "Variable2",
"data": {
 "Variable1": [ "Rape", "KidnappingAndAbduction", "DowryDeaths", "AssaultWithIntentToOutrageModesty", "InsultToModesty", "CrueltyByHusbandOrHisRelatives", "ImportationOfGirlsFromForeignCountry", "ImmoralTrafficPAct", "DowryProhibitionAct", "IndecentRepresentationOfWomenPAct", "Rape", "KidnappingAndAbduction", "DowryDeaths", "AssaultWithIntentToOutrageModesty", "InsultToModesty", "CrueltyByHusbandOrHisRelatives", "ImportationOfGirlsFromForeignCountry", "ImmoralTrafficPAct", "DowryProhibitionAct", "IndecentRepresentationOfWomenPAct", "Rape", "KidnappingAndAbduction", "DowryDeaths", "AssaultWithIntentToOutrageModesty", "InsultToModesty", "CrueltyByHusbandOrHisRelatives", "ImportationOfGirlsFromForeignCountry", "ImmoralTrafficPAct", "DowryProhibitionAct", "IndecentRepresentationOfWomenPAct", "Rape", "KidnappingAndAbduction", "DowryDeaths", "AssaultWithIntentToOutrageModesty", "InsultToModesty", "CrueltyByHusbandOrHisRelatives", "ImportationOfGirlsFromForeignCountry", "ImmoralTrafficPAct", "DowryProhibitionAct", "IndecentRepresentationOfWomenPAct", "Rape", "KidnappingAndAbduction", "DowryDeaths", "AssaultWithIntentToOutrageModesty", "InsultToModesty", "CrueltyByHusbandOrHisRelatives", "ImportationOfGirlsFromForeignCountry", "ImmoralTrafficPAct", "DowryProhibitionAct", "IndecentRepresentationOfWomenPAct", "Rape", "KidnappingAndAbduction", "DowryDeaths", "AssaultWithIntentToOutrageModesty", "InsultToModesty", "CrueltyByHusbandOrHisRelatives", "ImportationOfGirlsFromForeignCountry", "ImmoralTrafficPAct", "DowryProhibitionAct", "IndecentRepresentationOfWomenPAct", "Rape", "KidnappingAndAbduction", "DowryDeaths", "AssaultWithIntentToOutrageModesty", "InsultToModesty", "CrueltyByHusbandOrHisRelatives", "ImportationOfGirlsFromForeignCountry", "ImmoralTrafficPAct", "DowryProhibitionAct", "IndecentRepresentationOfWomenPAct", "Rape", "KidnappingAndAbduction", "DowryDeaths", "AssaultWithIntentToOutrageModesty", "InsultToModesty", "CrueltyByHusbandOrHisRelatives", "ImportationOfGirlsFromForeignCountry", "ImmoralTrafficPAct", "DowryProhibitionAct", "IndecentRepresentationOfWomenPAct", "Rape", "KidnappingAndAbduction", "DowryDeaths", "AssaultWithIntentToOutrageModesty", "InsultToModesty", "CrueltyByHusbandOrHisRelatives", "ImportationOfGirlsFromForeignCountry", "ImmoralTrafficPAct", "DowryProhibitionAct", "IndecentRepresentationOfWomenPAct", "Rape", "KidnappingAndAbduction", "DowryDeaths", "AssaultWithIntentToOutrageModesty", "InsultToModesty", "CrueltyByHusbandOrHisRelatives", "ImportationOfGirlsFromForeignCountry", "ImmoralTrafficPAct", "DowryProhibitionAct", "IndecentRepresentationOfWomenPAct" ],
"Variable2": [ "Rape", "Rape", "Rape", "Rape", "Rape", "Rape", "Rape", "Rape", "Rape", "Rape", "KidnappingAndAbduction", "KidnappingAndAbduction", "KidnappingAndAbduction", "KidnappingAndAbduction", "KidnappingAndAbduction", "KidnappingAndAbduction", "KidnappingAndAbduction", "KidnappingAndAbduction", "KidnappingAndAbduction", "KidnappingAndAbduction", "DowryDeaths", "DowryDeaths", "DowryDeaths", "DowryDeaths", "DowryDeaths", "DowryDeaths", "DowryDeaths", "DowryDeaths", "DowryDeaths", "DowryDeaths", "AssaultWithIntentToOutrageModesty", "AssaultWithIntentToOutrageModesty", "AssaultWithIntentToOutrageModesty", "AssaultWithIntentToOutrageModesty", "AssaultWithIntentToOutrageModesty", "AssaultWithIntentToOutrageModesty", "AssaultWithIntentToOutrageModesty", "AssaultWithIntentToOutrageModesty", "AssaultWithIntentToOutrageModesty", "AssaultWithIntentToOutrageModesty", "InsultToModesty", "InsultToModesty", "InsultToModesty", "InsultToModesty", "InsultToModesty", "InsultToModesty", "InsultToModesty", "InsultToModesty", "InsultToModesty", "InsultToModesty", "CrueltyByHusbandOrHisRelatives", "CrueltyByHusbandOrHisRelatives", "CrueltyByHusbandOrHisRelatives", "CrueltyByHusbandOrHisRelatives", "CrueltyByHusbandOrHisRelatives", "CrueltyByHusbandOrHisRelatives", "CrueltyByHusbandOrHisRelatives", "CrueltyByHusbandOrHisRelatives", "CrueltyByHusbandOrHisRelatives", "CrueltyByHusbandOrHisRelatives", "ImportationOfGirlsFromForeignCountry", "ImportationOfGirlsFromForeignCountry", "ImportationOfGirlsFromForeignCountry", "ImportationOfGirlsFromForeignCountry", "ImportationOfGirlsFromForeignCountry", "ImportationOfGirlsFromForeignCountry", "ImportationOfGirlsFromForeignCountry", "ImportationOfGirlsFromForeignCountry", "ImportationOfGirlsFromForeignCountry", "ImportationOfGirlsFromForeignCountry", "ImmoralTrafficPAct", "ImmoralTrafficPAct", "ImmoralTrafficPAct", "ImmoralTrafficPAct", "ImmoralTrafficPAct", "ImmoralTrafficPAct", "ImmoralTrafficPAct", "ImmoralTrafficPAct", "ImmoralTrafficPAct", "ImmoralTrafficPAct", "DowryProhibitionAct", "DowryProhibitionAct", "DowryProhibitionAct", "DowryProhibitionAct", "DowryProhibitionAct", "DowryProhibitionAct", "DowryProhibitionAct", "DowryProhibitionAct", "DowryProhibitionAct", "DowryProhibitionAct", "IndecentRepresentationOfWomenPAct", "IndecentRepresentationOfWomenPAct", "IndecentRepresentationOfWomenPAct", "IndecentRepresentationOfWomenPAct", "IndecentRepresentationOfWomenPAct", "IndecentRepresentationOfWomenPAct", "IndecentRepresentationOfWomenPAct", "IndecentRepresentationOfWomenPAct", "IndecentRepresentationOfWomenPAct", "IndecentRepresentationOfWomenPAct" ],
"CorrelationCoefficient": [      1, 0.87549, 0.72195, 0.76406, 0.37905, 0.63844, 0.018198, 0.25388, 0.051153, 0.07989, 0.87549,      1, 0.8514, 0.59503, 0.24889, 0.64194, 0.059263, 0.09316, 0.20034, 0.0079207, 0.72195, 0.8514,      1, 0.49217,  0.232, 0.61688, 0.050396, 0.16085, 0.37154, 0.11629, 0.76406, 0.59503, 0.49217,      1, 0.68758, 0.54137, 0.37978, 0.41589, 0.17904, -0.055992, 0.37905, 0.24889,  0.232, 0.68758,      1, 0.51276, 0.53946, 0.39086, -0.016927, -0.11736, 0.63844, 0.64194, 0.61688, 0.54137, 0.51276,      1, 0.20236, 0.22209, 0.073946, 0.18171, 0.018198, 0.059263, 0.050396, 0.37978, 0.53946, 0.20236,      1, 0.056308, -0.029739, -0.030265, 0.25388, 0.09316, 0.16085, 0.41589, 0.39086, 0.22209, 0.056308,      1, 0.43554, -0.0072019, 0.051153, 0.20034, 0.37154, 0.17904, -0.016927, 0.073946, -0.029739, 0.43554,      1, -0.044325, 0.07989, 0.0079207, 0.11629, -0.055992, -0.11736, 0.18171, -0.030265, -0.0072019, -0.044325,      1 ] 
},
"facet": null,
"color": "CorrelationCoefficient",
"type": "tile",
"height":    600 
} 
],
"facet": [],
"guides": {
 "color": {
 "scale": {
 "type": "gradient2",
"lower": "red",
"middle": "white",
"upper": "blue",
"midpoint": 0 
} 
},
"y": {
 "numticks": 10 
},
"x": {
 "numticks":      3 
} 
},
"coord": [],
"staggerLabels": true,
"id": "chart201844e1496a" 
}
    _.each(chartParams.layers, function(el){
        el.data = polyjs.data(el.data)
    })
    var graph_chart201844e1496a = polyjs.chart(chartParams);
</script>
    
  </body>
</html>
