<!doctype HTML>
<meta charset = 'utf-8'>
<html>
  <head>
    
    <script src='https://rawgithub.com/Polychart/polychart2/develop/polychart2.standalone.js' type='text/javascript'></script>
    
    <style>
    .rChart {
      display: block;
      margin-left: auto; 
      margin-right: auto;
      width: 1000px;
      height: 450px;
    }  
    </style>
    
  </head>
  <body>
    <div id='chart2460689955ec' class='rChart polycharts'></div>  
    
    <script type='text/javascript'>
    var chartParams = {
 "dom": "chart2460689955ec",
"width":   1000,
"height":    450,
"layers": [
 {
 "x": "Variable1",
"y": "Variable2",
"data": {
 "Variable1": [ "Rape", "KidnappingAndAbduction", "DowryDeaths", "AssaultWithIntentToOutrageModesty", "InsultToModesty", "CrueltyByHusbandOrHisRelatives", "ImportationOfGirlsFromForeignCountry", "ImmoralTrafficPAct", "DowryProhibitionAct", "IndecentRepresentationOfWomenPAct", "Rape", "KidnappingAndAbduction", "DowryDeaths", "AssaultWithIntentToOutrageModesty", "InsultToModesty", "CrueltyByHusbandOrHisRelatives", "ImportationOfGirlsFromForeignCountry", "ImmoralTrafficPAct", "DowryProhibitionAct", "IndecentRepresentationOfWomenPAct", "Rape", "KidnappingAndAbduction", "DowryDeaths", "AssaultWithIntentToOutrageModesty", "InsultToModesty", "CrueltyByHusbandOrHisRelatives", "ImportationOfGirlsFromForeignCountry", "ImmoralTrafficPAct", "DowryProhibitionAct", "IndecentRepresentationOfWomenPAct", "Rape", "KidnappingAndAbduction", "DowryDeaths", "AssaultWithIntentToOutrageModesty", "InsultToModesty", "CrueltyByHusbandOrHisRelatives", "ImportationOfGirlsFromForeignCountry", "ImmoralTrafficPAct", "DowryProhibitionAct", "IndecentRepresentationOfWomenPAct", "Rape", "KidnappingAndAbduction", "DowryDeaths", "AssaultWithIntentToOutrageModesty", "InsultToModesty", "CrueltyByHusbandOrHisRelatives", "ImportationOfGirlsFromForeignCountry", "ImmoralTrafficPAct", "DowryProhibitionAct", "IndecentRepresentationOfWomenPAct", "Rape", "KidnappingAndAbduction", "DowryDeaths", "AssaultWithIntentToOutrageModesty", "InsultToModesty", "CrueltyByHusbandOrHisRelatives", "ImportationOfGirlsFromForeignCountry", "ImmoralTrafficPAct", "DowryProhibitionAct", "IndecentRepresentationOfWomenPAct", "Rape", "KidnappingAndAbduction", "DowryDeaths", "AssaultWithIntentToOutrageModesty", "InsultToModesty", "CrueltyByHusbandOrHisRelatives", "ImportationOfGirlsFromForeignCountry", "ImmoralTrafficPAct", "DowryProhibitionAct", "IndecentRepresentationOfWomenPAct", "Rape", "KidnappingAndAbduction", "DowryDeaths", "AssaultWithIntentToOutrageModesty", "InsultToModesty", "CrueltyByHusbandOrHisRelatives", "ImportationOfGirlsFromForeignCountry", "ImmoralTrafficPAct", "DowryProhibitionAct", "IndecentRepresentationOfWomenPAct", "Rape", "KidnappingAndAbduction", "DowryDeaths", "AssaultWithIntentToOutrageModesty", "InsultToModesty", "CrueltyByHusbandOrHisRelatives", "ImportationOfGirlsFromForeignCountry", "ImmoralTrafficPAct", "DowryProhibitionAct", "IndecentRepresentationOfWomenPAct", "Rape", "KidnappingAndAbduction", "DowryDeaths", "AssaultWithIntentToOutrageModesty", "InsultToModesty", "CrueltyByHusbandOrHisRelatives", "ImportationOfGirlsFromForeignCountry", "ImmoralTrafficPAct", "DowryProhibitionAct", "IndecentRepresentationOfWomenPAct" ],
"Variable2": [ "Rape", "Rape", "Rape", "Rape", "Rape", "Rape", "Rape", "Rape", "Rape", "Rape", "KidnappingAndAbduction", "KidnappingAndAbduction", "KidnappingAndAbduction", "KidnappingAndAbduction", "KidnappingAndAbduction", "KidnappingAndAbduction", "KidnappingAndAbduction", "KidnappingAndAbduction", "KidnappingAndAbduction", "KidnappingAndAbduction", "DowryDeaths", "DowryDeaths", "DowryDeaths", "DowryDeaths", "DowryDeaths", "DowryDeaths", "DowryDeaths", "DowryDeaths", "DowryDeaths", "DowryDeaths", "AssaultWithIntentToOutrageModesty", "AssaultWithIntentToOutrageModesty", "AssaultWithIntentToOutrageModesty", "AssaultWithIntentToOutrageModesty", "AssaultWithIntentToOutrageModesty", "AssaultWithIntentToOutrageModesty", "AssaultWithIntentToOutrageModesty", "AssaultWithIntentToOutrageModesty", "AssaultWithIntentToOutrageModesty", "AssaultWithIntentToOutrageModesty", "InsultToModesty", "InsultToModesty", "InsultToModesty", "InsultToModesty", "InsultToModesty", "InsultToModesty", "InsultToModesty", "InsultToModesty", "InsultToModesty", "InsultToModesty", "CrueltyByHusbandOrHisRelatives", "CrueltyByHusbandOrHisRelatives", "CrueltyByHusbandOrHisRelatives", "CrueltyByHusbandOrHisRelatives", "CrueltyByHusbandOrHisRelatives", "CrueltyByHusbandOrHisRelatives", "CrueltyByHusbandOrHisRelatives", "CrueltyByHusbandOrHisRelatives", "CrueltyByHusbandOrHisRelatives", "CrueltyByHusbandOrHisRelatives", "ImportationOfGirlsFromForeignCountry", "ImportationOfGirlsFromForeignCountry", "ImportationOfGirlsFromForeignCountry", "ImportationOfGirlsFromForeignCountry", "ImportationOfGirlsFromForeignCountry", "ImportationOfGirlsFromForeignCountry", "ImportationOfGirlsFromForeignCountry", "ImportationOfGirlsFromForeignCountry", "ImportationOfGirlsFromForeignCountry", "ImportationOfGirlsFromForeignCountry", "ImmoralTrafficPAct", "ImmoralTrafficPAct", "ImmoralTrafficPAct", "ImmoralTrafficPAct", "ImmoralTrafficPAct", "ImmoralTrafficPAct", "ImmoralTrafficPAct", "ImmoralTrafficPAct", "ImmoralTrafficPAct", "ImmoralTrafficPAct", "DowryProhibitionAct", "DowryProhibitionAct", "DowryProhibitionAct", "DowryProhibitionAct", "DowryProhibitionAct", "DowryProhibitionAct", "DowryProhibitionAct", "DowryProhibitionAct", "DowryProhibitionAct", "DowryProhibitionAct", "IndecentRepresentationOfWomenPAct", "IndecentRepresentationOfWomenPAct", "IndecentRepresentationOfWomenPAct", "IndecentRepresentationOfWomenPAct", "IndecentRepresentationOfWomenPAct", "IndecentRepresentationOfWomenPAct", "IndecentRepresentationOfWomenPAct", "IndecentRepresentationOfWomenPAct", "IndecentRepresentationOfWomenPAct", "IndecentRepresentationOfWomenPAct" ],
"CorrelationCoefficient": [      1, 0.6177, 0.61842, 0.86782, 0.36931, 0.69495, 0.20192, 0.28899, 0.26863, 0.33924, 0.6177,      1, 0.87456, 0.40732, 0.077241, 0.6282, 0.1574, 0.13768, 0.27836, 0.24387, 0.61842, 0.87456,      1, 0.47074, 0.15225, 0.46306, 0.12501, 0.087855, 0.42008, 0.1286, 0.86782, 0.40732, 0.47074,      1, 0.59639, 0.62983, 0.30337, 0.50057, 0.43554, 0.23758, 0.36931, 0.077241, 0.15225, 0.59639,      1, 0.51282, -0.0058467, 0.66349, 0.61515, 0.23771, 0.69495, 0.6282, 0.46306, 0.62983, 0.51282,      1, 0.25569, 0.44375, 0.35276, 0.50578, 0.20192, 0.1574, 0.12501, 0.30337, -0.0058467, 0.25569,      1, 0.30311, 0.3483, -0.053769, 0.28899, 0.13768, 0.087855, 0.50057, 0.66349, 0.44375, 0.30311,      1, 0.4783, 0.45601, 0.26863, 0.27836, 0.42008, 0.43554, 0.61515, 0.35276, 0.3483, 0.4783,      1, 0.16151, 0.33924, 0.24387, 0.1286, 0.23758, 0.23771, 0.50578, -0.053769, 0.45601, 0.16151,      1 ] 
},
"facet": null,
"color": "CorrelationCoefficient",
"type": "tile",
"height":    600 
} 
],
"facet": [],
"guides": {
 "color": {
 "scale": {
 "type": "gradient2",
"lower": "red",
"middle": "white",
"upper": "blue",
"midpoint": 0 
} 
},
"y": {
 "numticks": 10 
},
"x": {
 "numticks":      3 
} 
},
"coord": [],
"staggerLabels": true,
"id": "chart2460689955ec" 
}
    _.each(chartParams.layers, function(el){
        el.data = polyjs.data(el.data)
    })
    var graph_chart2460689955ec = polyjs.chart(chartParams);
</script>
    
  </body>
</html>
